,price,zipcode,Orrick_Dist,ShawmutDesign_Dist,Noom_Dist,CheesecakeFact_Dist,ConcordHospital_Dist,BoxInc_Dist,WestMonroe_Dist,WegmansFoods_Dist,PowerHome_Dist,Hulu_Dist,SalesForce_Dist,YelpHighPrice1,YelpHighPrice2,YelpHighPrice3,YelpHighRated1,YelpHighRated2,YelpHighRated3,zipcode,WorldTradeCntr_Dist
price,1.0,-0.1471554726966471,-0.12747200795806898,-0.12747200795806898,-0.12525857787503694,-0.15224449733052445,-0.15349269866887383,-0.13094392005233563,-0.11759618347926883,-0.1451972000486911,-0.15224449733052445,-0.1461481953918886,-0.1251453022919376,-0.14542435099965909,-0.12747200795806898,-0.15690940400717476,-0.12747198047732186,-0.1448101678382712,0.15218316896545447,-0.1471554726966471,-0.1569087506854485
zipcode,-0.1471554726966471,1.0,0.1613790938231755,0.1613790938231755,0.16971497977875774,0.28956932236087257,0.25825472427559876,0.17043237115576312,0.14923225661636905,0.4394865496497224,0.28956932236087257,0.43888961706753776,0.15730359228891397,0.43442204719259925,0.1613790938231755,0.2564581133205123,0.161379257866105,0.4369257235627996,-0.30128911142989045,0.9999999999999999,0.25645743407872235
Orrick_Dist,-0.12747200795806898,0.1613790938231755,1.0,1.0,0.9904168108772711,0.6881598014420989,0.38502684859646735,0.9878613402508848,0.9788205079223307,0.3197339947106172,0.6881598014420989,0.31844142988373636,0.9906661069490459,0.3185215332975643,1.0,0.3867720681124832,0.9999995114710254,0.31916274385776605,-0.6695667294663681,0.1613790938231755,0.38677499248113617
ShawmutDesign_Dist,-0.12747200795806898,0.1613790938231755,1.0,1.0,0.9904168108772711,0.6881598014420989,0.38502684859646735,0.9878613402508848,0.9788205079223307,0.3197339947106172,0.6881598014420989,0.31844142988373636,0.9906661069490459,0.3185215332975643,1.0,0.3867720681124832,0.9999995114710254,0.31916274385776605,-0.6695667294663681,0.1613790938231755,0.38677499248113617
Noom_Dist,-0.12525857787503694,0.16971497977875774,0.9904168108772711,0.9904168108772711,1.0,0.6862268470628083,0.38394535657734724,0.9848781077664106,0.9756299180903047,0.31883590211062984,0.6862268470628083,0.31754696793586995,0.9877430959596876,0.31762684634927757,0.9904168108772711,0.38568567399111997,0.990416327029962,0.31826625582961704,-0.6676860006890738,0.16971497977875777,0.3856885901455889
CheesecakeFact_Dist,-0.15224449733052445,0.28956932236087257,0.6881598014420989,0.6881598014420989,0.6862268470628083,1.0,0.8027146039907571,0.6845059492157005,0.6784280019508822,0.7751541513570658,1.0,0.7720204933537571,0.6863947968501812,0.7722146938291329,0.6881598014420989,0.8063530858207447,0.6881594652560967,0.7737692267716941,-0.9729814616652013,0.28956932236087257,0.80635918262525
ConcordHospital_Dist,-0.15349269866887383,0.25825472427559876,0.38502684859646735,0.38502684859646735,0.38394535657734724,0.8027146039907571,1.0,0.38298251063162375,0.37958188642136836,0.5509161848226031,0.8027146039907571,0.548689036959563,0.3840393248347478,0.5488270587772844,0.3850268485964674,0.9879467089935151,0.38502666049969586,0.5499318936754755,-0.7810264286909301,0.25825472427559876,0.987954178820384
BoxInc_Dist,-0.13094392005233563,0.17043237115576312,0.9878613402508848,0.9878613402508848,0.9848781077664106,0.6845059492157005,0.38298251063162375,1.0,0.9727791477979512,0.31803633558263494,0.6845059492157006,0.31675063375597673,0.9851375095535132,0.3168303118528414,0.9878613402508848,0.3847184637327738,0.9878608576519972,0.31746811784243606,-0.6660115989864184,0.17043237115576312,0.3847213725742034
WestMonroe_Dist,-0.11759618347926883,0.14923225661636905,0.9788205079223307,0.9788205079223307,0.9756299180903047,0.6784280019508822,0.37958188642136836,0.9727791477979512,1.0,0.31521238923391126,0.6784280019508822,0.31393810356500834,0.9759075553345778,0.31401707417456565,0.9788205079223308,0.38130242543968235,0.9788200297401517,0.3146492168807741,-0.6600978689727715,0.14923225661636905,0.38130530845257854
WegmansFoods_Dist,-0.1451972000486911,0.4394865496497224,0.3197339947106172,0.3197339947106172,0.31883590211062984,0.7751541513570658,0.5509161848226031,0.31803633558263494,0.31521238923391126,1.0,0.7751541513570659,0.9959573744166595,0.31891393523072054,0.9962079058432611,0.3197339947106172,0.5534133345173484,0.3197338385112966,0.9982133559074062,-0.7542106192032466,0.4394865496497224,0.5534175188541737
PowerHome_Dist,-0.15224449733052445,0.28956932236087257,0.6881598014420989,0.6881598014420989,0.6862268470628083,1.0,0.8027146039907571,0.6845059492157006,0.6784280019508822,0.7751541513570659,1.0,0.7720204933537571,0.6863947968501812,0.7722146938291329,0.6881598014420989,0.8063530858207447,0.6881594652560967,0.7737692267716941,-0.9729814616652013,0.28956932236087257,0.80635918262525
Hulu_Dist,-0.1461481953918886,0.43888961706753776,0.31844142988373636,0.31844142988373636,0.31754696793586995,0.7720204933537571,0.548689036959563,0.31675063375597673,0.31393810356500834,0.9959573744166595,0.7720204933537571,1.0,0.317624685597273,0.991356277526934,0.3184414298837364,0.5511760916130668,0.3184412743158712,0.9938102645458565,-0.7511616280588285,0.4388896170675378,0.551180259034185
SalesForce_Dist,-0.1251453022919376,0.15730359228891397,0.9906661069490459,0.9906661069490459,0.9877430959596876,0.6863947968501812,0.3840393248347478,0.9851375095535132,0.9759075553345778,0.31891393523072054,0.6863947968501812,0.317624685597273,1.0,0.3177045835604295,0.9906661069490459,0.38578006818047117,0.9906656229799484,0.31834414953229473,-0.6678494127186783,0.157303592288914,0.385782985048651
YelpHighPrice1,-0.14542435099965909,0.43442204719259925,0.3185215332975643,0.3185215332975643,0.31762684634927757,0.7722146938291329,0.5488270587772844,0.3168303118528414,0.31401707417456565,0.9962079058432611,0.7722146938291329,0.991356277526934,0.3177045835604295,1.0,0.3185215332975643,0.5513147390452638,0.3185213776905662,0.994085545330444,-0.7513505815212156,0.4344220471925992,0.5513189075146898
YelpHighPrice2,-0.12747200795806898,0.1613790938231755,1.0,1.0,0.9904168108772711,0.6881598014420989,0.3850268485964674,0.9878613402508848,0.9788205079223308,0.3197339947106172,0.6881598014420989,0.3184414298837364,0.9906661069490459,0.3185215332975643,1.0,0.3867720681124832,0.9999995114710254,0.31916274385776605,-0.6695667294663681,0.1613790938231755,0.38677499248113617
YelpHighPrice3,-0.15690940400717476,0.2564581133205123,0.3867720681124832,0.3867720681124832,0.38568567399111997,0.8063530858207447,0.9879467089935151,0.3847184637327738,0.38130242543968235,0.5534133345173484,0.8063530858207447,0.5511760916130668,0.38578006818047117,0.5513147390452638,0.3867720681124832,1.0,0.3867718791631214,0.5524245818524705,-0.7845666040601137,0.2564581133205123,0.9999924390958316
YelpHighRated1,-0.12747198047732186,0.161379257866105,0.9999995114710254,0.9999995114710254,0.990416327029962,0.6881594652560967,0.38502666049969586,0.9878608576519972,0.9788200297401517,0.3197338385112966,0.6881594652560967,0.3184412743158712,0.9906656229799484,0.3185213776905662,0.9999995114710254,0.3867718791631214,1.0,0.31916258793751806,-0.6695664023636203,0.161379257866105,0.3867748035303457
YelpHighRated2,-0.1448101678382712,0.4369257235627996,0.31916274385776605,0.31916274385776605,0.31826625582961704,0.7737692267716941,0.5499318936754755,0.31746811784243606,0.3146492168807741,0.9982133559074062,0.7737692267716941,0.9938102645458565,0.31834414953229473,0.994085545330444,0.31916274385776605,0.5524245818524705,0.31916258793751806,1.0,-0.7528631132558756,0.4369257235627996,0.5524287587133749
YelpHighRated3,0.15218316896545447,-0.30128911142989045,-0.6695667294663681,-0.6695667294663681,-0.6676860006890738,-0.9729814616652013,-0.7810264286909301,-0.6660115989864184,-0.6600978689727715,-0.7542106192032466,-0.9729814616652013,-0.7511616280588285,-0.6678494127186783,-0.7513505815212156,-0.6695667294663681,-0.7845666040601137,-0.6695664023636203,-0.7528631132558756,1.0,-0.3012891114298904,-0.7845725361378726
zipcode,-0.1471554726966471,0.9999999999999999,0.1613790938231755,0.1613790938231755,0.16971497977875777,0.28956932236087257,0.25825472427559876,0.17043237115576312,0.14923225661636905,0.4394865496497224,0.28956932236087257,0.4388896170675378,0.157303592288914,0.4344220471925992,0.1613790938231755,0.2564581133205123,0.161379257866105,0.4369257235627996,-0.3012891114298904,1.0,0.25645743407872235
WorldTradeCntr_Dist,-0.1569087506854485,0.25645743407872235,0.38677499248113617,0.38677499248113617,0.3856885901455889,0.80635918262525,0.987954178820384,0.3847213725742034,0.38130530845257854,0.5534175188541737,0.80635918262525,0.551180259034185,0.385782985048651,0.5513189075146898,0.38677499248113617,0.9999924390958316,0.3867748035303457,0.5524287587133749,-0.7845725361378726,0.25645743407872235,1.0
