,price,MadAboutYou_Dist,MahayannaBuddhist_dist,MaisonSurLes_Dist,MarkTwainH_Dist,MeatPacking_Dist,NBCStudios_Dist,NicholasMuseum_Dist,NicolaTesla_Dist,NYSkyride_Dist,OrigBrownStoneH_Dist,PaparazziDogman_Dist,PaulNicklenG_Dist,PointDeVue17_Dist,Puffin_Dist,RedPanda_Dist,RockefellerCtr_Dist,RowboatRental_Dist,Salmagundi_Dist,SchwartzLuggage_Dist
price,1.0,-0.14542767674834767,-0.1448101678382712,-0.14409495722775237,-0.14542991495325286,-0.15950121742715578,-0.12484554330223803,0.13414291424307062,-0.12638560959786835,-0.12638551837267098,0.15264272152257263,-0.12747200795806898,-0.14585295872685866,-0.15949559736909807,-0.12625590012118768,-0.12625590012118768,-0.12484554330223803,-0.1269967827963553,-0.1454295822846819,-0.12439470152595493
MadAboutYou_Dist,-0.14542767674834767,1.0,0.9940871284961569,0.9902860569462567,0.9999887699650113,0.7525745788702204,0.31886727133094894,-0.7493438648317818,0.31746198632563305,0.3174616700773743,-0.7511586835616513,0.31852204057017547,0.9923048132028095,0.7525715205942195,0.3187459581562346,0.3187459581562346,0.31886727133094894,0.31915236633753297,0.999997585485953,0.3171856905740127
MahayannaBuddhist_dist,-0.1448101678382712,0.9940871284961569,1.0,0.9928501596411147,0.9940808774137675,0.7540883736643769,0.3195086690460994,-0.7508511610831625,0.31810055732674736,0.318100240442359,-0.7526696302992731,0.31916274385776605,0.99466306580583,0.7540853092366903,0.31938711185138025,0.31938711185138025,0.3195086690460994,0.31979433751789066,0.9940895287392879,0.31782370580951624
MaisonSurLes_Dist,-0.14409495722775237,0.9902860569462567,0.9928501596411147,1.0,0.9902798297660089,0.7517266466456336,0.31850800084491493,-0.7484995726803765,0.3171042991862522,0.3171039832943131,-0.7503123466384372,0.3181631590585969,0.9909643428383337,0.7517235918154185,0.3183868243547937,0.3183868243547937,0.31850800084491493,0.3187927746325129,0.9902884480116246,0.31682831473942197
MarkTwainH_Dist,-0.14542991495325286,0.9999887699650113,0.9940808774137675,0.9902798297660089,1.0,0.7525698464825233,0.31886526620933814,-0.7493391527596678,0.3174599900408255,0.3174596737945554,-0.7511539600774778,0.31852003761946684,0.9922985733280891,0.7525667882257536,0.31874395379747306,0.31874395379747306,0.31886526620933814,0.3191503594231695,0.9999912972370493,0.31718369602662577
MeatPacking_Dist,-0.15950121742715578,0.7525745788702204,0.7540883736643769,0.7517266466456336,0.7525698464825233,1.0,0.6634895941727611,-0.9524641007960851,0.6605655186664153,0.6605648606263852,-0.9547708517695398,0.6627712482089202,0.7529711870825141,0.9998671879500122,0.6632371693041846,0.6632371693041846,0.6634895941727611,0.6640828114365761,0.7525763959764997,0.6599906106322698
NBCStudios_Dist,-0.12484554330223803,0.31886727133094894,0.3195086690460994,0.31850800084491493,0.31886526620933814,0.6634895941727611,1.0,-0.6685011505054475,0.9910195715742723,0.9910185843435885,-0.6701201781185565,0.9943913862991656,0.31903531498003346,0.6634868979159918,0.9951033693457181,0.9951033693457181,0.9999999999999998,0.9963953973005822,0.3188680412423136,0.9901408863982344
NicholasMuseum_Dist,0.13414291424307062,-0.7493438648317818,-0.7508511610831625,-0.7484995726803765,-0.7493391527596678,-0.9524641007960851,-0.6685011505054475,1.0,-0.6655549884897581,-0.665554325479334,0.9083995649935174,-0.6677773786369717,-0.7497387704517277,-0.952460230218759,-0.6682468189883571,-0.6682468189883571,-0.6685011505054475,-0.6690988485354437,-0.7493456741374379,-0.6649757379850982
NicolaTesla_Dist,-0.12638560959786835,0.31746198632563305,0.31810055732674736,0.3171042991862522,0.3174599900408255,0.6605655186664153,0.9910195715742723,-0.6655549884897581,1.0,0.999999003823222,-0.6671668808606129,0.9898864021921981,0.3176292893868882,0.6605628342923618,0.9906214481798585,0.9906214481798585,0.9910195715742725,0.991954900914593,0.3174627528439091,0.985495516739322
NYSkyride_Dist,-0.12638551837267098,0.3174616700773743,0.318100240442359,0.3171039832943131,0.3174596737945554,0.6605648606263852,0.9910185843435885,-0.665554325479334,0.999999003823222,1.0,-0.6671662162444592,0.9898854160903513,0.3176289729719661,0.660562176255006,0.9906204613457759,0.9906204613457759,0.9910185843435885,0.9919539127521559,0.31746243659488677,0.9854945350115731
OrigBrownStoneH_Dist,0.15264272152257263,-0.7511586835616513,-0.7526696302992731,-0.7503123466384372,-0.7511539600774778,-0.9547708517695398,-0.6701201781185565,0.9083995649935174,-0.6671668808606129,-0.6671662162444592,1.0,-0.6693946533635828,-0.751554545594466,-0.9547669718181512,-0.6698652306417948,-0.6698652306417948,-0.6701201781185565,-0.6707193236997112,-0.7511604972492232,-0.6665862274824333
PaparazziDogman_Dist,-0.12747200795806898,0.31852204057017547,0.31916274385776605,0.3181631590585969,0.31852003761946684,0.6627712482089202,0.9943913862991656,-0.6677773786369717,0.9898864021921981,0.9898854160903513,-0.6693946533635828,1.0,0.31868990228200256,0.6627685548713302,0.9940026893195134,0.9940026893195134,0.9943913862991656,0.9953047102870078,0.3185228096479736,0.9890007749199484
PaulNicklenG_Dist,-0.14585295872685866,0.9923048132028095,0.99466306580583,0.9909643428383337,0.9922985733280891,0.7529711870825141,0.31903531498003346,-0.7497387704517277,0.3176292893868882,0.3176289729719661,-0.751554545594466,0.31868990228200256,1.0,0.752968127194796,0.3189139378730488,0.3189139378730488,0.3190353149800334,0.3193205602322197,0.9923072091425046,0.3173528480268894
PointDeVue17_Dist,-0.15949559736909807,0.7525715205942195,0.7540853092366903,0.7517235918154185,0.7525667882257536,0.9998671879500122,0.6634868979159918,-0.952460230218759,0.6605628342923618,0.660562176255006,-0.9547669718181512,0.6627685548713302,0.752968127194796,1.0,0.6632344740732072,0.6632344740732072,0.6634868979159918,0.6640801127691193,0.7525733376931146,0.6599879285944997
Puffin_Dist,-0.12625590012118768,0.3187459581562346,0.31938711185138025,0.3183868243547937,0.31874395379747306,0.6632371693041846,0.9951033693457181,-0.6682468189883571,0.9906214481798585,0.9906204613457759,-0.6698652306417948,0.9940026893195134,0.3189139378730488,0.6632344740732072,1.0,1.0,0.9951033693457181,0.9960121464868437,0.31874672777468616,0.9897403326573442
RedPanda_Dist,-0.12625590012118768,0.3187459581562346,0.31938711185138025,0.3183868243547937,0.31874395379747306,0.6632371693041846,0.9951033693457181,-0.6682468189883571,0.9906214481798585,0.9906204613457759,-0.6698652306417948,0.9940026893195134,0.3189139378730488,0.6632344740732072,1.0,1.0,0.9951033693457181,0.9960121464868437,0.31874672777468616,0.9897403326573442
RockefellerCtr_Dist,-0.12484554330223803,0.31886727133094894,0.3195086690460994,0.31850800084491493,0.31886526620933814,0.6634895941727611,0.9999999999999998,-0.6685011505054475,0.9910195715742725,0.9910185843435885,-0.6701201781185565,0.9943913862991656,0.3190353149800334,0.6634868979159918,0.9951033693457181,0.9951033693457181,1.0,0.9963953973005822,0.3188680412423136,0.9901408863982344
RowboatRental_Dist,-0.1269967827963553,0.31915236633753297,0.31979433751789066,0.3187927746325129,0.3191503594231695,0.6640828114365761,0.9963953973005822,-0.6690988485354437,0.991954900914593,0.9919539127521559,-0.6707193236997112,0.9953047102870078,0.3193205602322197,0.6640801127691193,0.9960121464868437,0.9960121464868437,0.9963953973005822,1.0,0.31915313693726516,0.9910818891754254
Salmagundi_Dist,-0.1454295822846819,0.999997585485953,0.9940895287392879,0.9902884480116246,0.9999912972370493,0.7525763959764997,0.3188680412423136,-0.7493456741374379,0.3174627528439091,0.31746243659488677,-0.7511604972492232,0.3185228096479736,0.9923072091425046,0.7525733376931146,0.31874672777468616,0.31874672777468616,0.3188680412423136,0.31915313693726516,1.0,0.3171864564251672
SchwartzLuggage_Dist,-0.12439470152595493,0.3171856905740127,0.31782370580951624,0.31682831473942197,0.31718369602662577,0.6599906106322698,0.9901408863982344,-0.6649757379850982,0.985495516739322,0.9854945350115731,-0.6665862274824333,0.9890007749199484,0.3173528480268894,0.6599879285944997,0.9897403326573442,0.9897403326573442,0.9901408863982344,0.9910818891754254,0.3171864564251672,1.0
